Start time:20170501_143222_915
20170501_143223_472: ROTATION -0.050875142 0.75583166 -0.65278643 0.033279754 0.6545529 0.75528336 0.9981504 0.016700577 -0.058454372
20170501_143223_473: ROTATION -0.049167506 0.7579011 -0.65051407 0.018993853 0.65189344 0.75807256 0.99860984 0.02491677 -0.046447437
20170501_143223_477: ROTATION -0.048919957 0.7661963 -0.6407418 0.019622639 0.6421233 0.7663501 0.99860984 0.02491677 -0.046447437
20170501_143223_484: ROTATION -0.049929284 0.7650618 -0.6420183 0.020067425 0.6434587 0.76521766 0.9985511 0.025323113 -0.047480255
20170501_143223_485: ROTATION -0.05040297 0.74917203 -0.66045505 0.0188461 0.6618912 0.7493629 0.9985511 0.025323113 -0.047480255
20170501_143223_489: ROTATION -0.041312356 0.7596467 -0.64902246 0.011890716 0.6499048 0.75992256 0.9990755 0.023676846 -0.03588184
20170501_143223_503: ROTATION -0.04139406 0.7551079 -0.6542924 0.01160308 0.65517277 0.75538987 0.9990755 0.023676846 -0.03588184
20170501_143223_507: ROTATION -0.05095488 0.743763 -0.6664984 0.016158566 0.667892 0.7440828 0.9985702 0.027144989 -0.0460505
20170501_143223_510: ROTATION -0.05055376 0.75952685 -0.64850837 0.017372837 0.6499092 0.75981313 0.9985702 0.027144989 -0.0460505
20170501_143223_511: ROTATION -0.04680703 0.7637366 -0.6438288 0.02119933 0.6451496 0.7637622 0.99867904 0.0221007 -0.04638824
20170501_143223_514: ROTATION -0.04737803 0.74551463 -0.66480315 0.019890495 0.6661228 0.7455769 0.99867904 0.0221007 -0.04638824
20170501_143223_515: ROTATION -0.044611007 0.7488102 -0.6612815 0.01421403 0.6623492 0.74906033 0.9989033 0.024016863 -0.040191676
20170501_143223_517: ROTATION -0.044120044 0.77016217 -0.6363203 0.01567169 0.6373957 0.77037716 0.9989033 0.024016863 -0.040191676
20170501_143223_519: ROTATION -0.04725924 0.7666414 -0.640334 0.015477072 0.64153534 0.7669374 0.9987627 0.026334379 -0.04218383
20170501_143223_522: ROTATION -0.046749115 0.7864382 -0.6158973 0.016955703 0.61710733 0.7866963 0.9987627 0.026334379 -0.04218383
20170501_143223_523: ROTATION -0.042624276 0.79068416 -0.6107387 0.014209076 0.61171216 0.79095274 0.9989901 0.025035758 -0.037308678
20170501_143223_528: ROTATION -0.04258034 0.79256356 -0.60830104 0.014340222 0.6092754 0.7928292 0.9989901 0.025035758 -0.037308678
20170501_143223_531: ROTATION -0.04566423 0.7894295 -0.61214036 0.019945685 0.613378 0.7895376 0.9987577 0.023844065 -0.04375514
20170501_143223_535: ROTATION -0.04568405 0.7888188 -0.61292577 0.019900236 0.6141632 0.7889281 0.9987577 0.023844065 -0.04375514
20170501_143223_536: ROTATION -0.04422267 0.79028857 -0.6111369 0.025156492 0.6124223 0.79013044 0.9987049 0.019567616 -0.046963837
20170501_143223_541: ROTATION -0.043778516 0.8008187 -0.5973045 0.025921691 0.598587 0.8006382 0.9987049 0.019567616 -0.046963837
20170501_143223_546: ROTATION -0.036918912 0.8076169 -0.5885508 0.020939663 0.5894482 0.8075348 0.99909884 0.017489249 -0.03867301
20170501_143223_549: ROTATION -0.037185423 0.7999616 -0.5988979 0.020462649 0.59979624 0.79989105 0.99909884 0.017489249 -0.03867301
20170501_143223_552: ROTATION -0.037422255 0.7997323 -0.5991893 0.02236018 0.60012925 0.7995904 0.9990493 0.016524496 -0.04034035
20170501_143223_554: ROTATION -0.037305675 0.802837 -0.59503037 0.022554148 0.59596956 0.8026902 0.9990493 0.016524496 -0.04034035
20170501_143223_560: ROTATION -0.05354872 0.7859614 -0.6159524 0.027996764 0.6177766 0.7858551 0.99817264 0.02483686 -0.055085514
20170501_143223_567: ROTATION -0.05262074 0.8054204 -0.59036344 0.029704222 0.5921833 0.80525553 0.99817264 0.02483686 -0.055085514
20170501_143223_568: ROTATION -0.0462155 0.8116899 -0.5822574 0.021437913 0.5835519 0.8117929 0.99870145 0.025035033 -0.04437008
20170501_143223_572: ROTATION -0.046457604 0.8049644 -0.5915014 0.02090808 0.59279466 0.8050822 0.99870145 0.025035033 -0.04437008
20170501_143223_573: ROTATION -0.038176205 0.81284815 -0.5812232 0.012485472 0.5819898 0.8131003 0.9991931 0.023784243 -0.03236696
20170501_143223_578: ROTATION -0.037960347 0.8225422 -0.56743574 0.013127162 0.56820655 0.82278126 0.9991931 0.023784243 -0.03236696
20170501_143223_583: ROTATION -0.026525466 0.83337706 -0.55206805 0.009239418 0.5524432 0.83349943 0.9996055 0.017008172 -0.022353731
20170501_143223_587: ROTATION -0.02689555 0.80904543 -0.5871305 0.008099167 0.5875001 0.8091837 0.9996055 0.017008172 -0.022353731
20170501_143223_599: ROTATION -0.029290156 0.80664104 -0.5903154 0.004185357 0.5906626 0.8069077 0.99956214 0.021163775 -0.02067668
20170501_143223_603: ROTATION -0.029251061 0.81195617 -0.58298504 0.004450393 0.58333457 0.8122197 0.99956214 0.021163775 -0.02067668
20170501_143223_604: ROTATION -0.036280338 0.8049666 -0.5922098 0.010068916 0.59286433 0.80523944 0.99929094 0.023251446 -0.029614458
20170501_143223_609: ROTATION -0.03630934 0.80324674 -0.59453887 0.009963828 0.59519255 0.80352145 0.99929094 0.023251446 -0.029614458
20170501_143223_611: ROTATION -0.032312427 0.8071752 -0.5894269 0.013458015 0.5900328 0.8072672 0.99938726 0.018152248 -0.02992837
20170501_143223_618: ROTATION -0.032867048 0.78075624 -0.62397075 0.012040288 0.6245721 0.78087443 0.99938726 0.018152248 -0.02992837
20170501_143223_621: ROTATION -0.037924714 0.77546597 -0.6302493 0.0082584815 0.6309247 0.7758001 0.9992465 0.024217095 -0.030331815
20170501_143223_627: ROTATION -0.037633706 0.7957254 -0.6044872 0.009496872 0.6051732 0.79603714 0.9992465 0.024217095 -0.030331815
20170501_143223_635: ROTATION -0.047595095 0.78615195 -0.616198 0.02275547 0.61759037 0.78617066 0.9986074 0.023395991 -0.047283523
20170501_143223_645: ROTATION -0.047807682 0.78028953 -0.62358856 0.022305366 0.6249806 0.78032136 0.9986074 0.023395991 -0.047283523
20170501_143223_646: ROTATION -0.049522486 0.77856785 -0.6256034 0.026932426 0.62718517 0.7784044 0.9984098 0.021699501 -0.05202849
20170501_143223_656: ROTATION -0.049801294 0.7719695 -0.6337056 0.02641331 0.63528895 0.77182263 0.9984098 0.021699501 -0.05202849
20170501_143223_663: ROTATION -0.049684785 0.7720884 -0.63356984 0.019515185 0.6349827 0.77227974 0.9985743 0.026006324 -0.046616435
20170501_143223_666: ROTATION -0.048952576 0.794375 -0.60545194 0.021285351 0.6068708 0.79451555 0.9985743 0.026006324 -0.046616435
20170501_143223_667: ROTATION -0.040490676 0.80238163 -0.5954361 0.012635342 0.5962884 0.8026709 0.9991001 0.02497715 -0.034282487
20170501_143223_670: ROTATION -0.04054739 0.7996774 -0.5990593 0.012452136 0.5999102 0.79997045 0.9991001 0.02497715 -0.034282487
20170501_143223_670: ROTATION -0.04081132 0.7994267 -0.59937584 0.012253535 0.600231 0.7997329 0.9990918 0.025293678 -0.03429202
20170501_143223_472: ALT_ORIENTATION 0.85708445 -0.016701354 -1.6292922
20170501_143223_473: ALT_ORIENTATION 0.8604506 -0.02491935 -1.6172749
20170501_143223_477: ALT_ORIENTATION 0.87327135 -0.02491935 -1.6172749
20170501_143223_484: ALT_ORIENTATION 0.8715185 -0.02532582 -1.6183097
20170501_143223_485: ALT_ORIENTATION 0.8471741 -0.02532582 -1.6183097
20170501_143223_489: ALT_ORIENTATION 0.86309737 -0.023679059 -1.6066959
20170501_143223_503: ALT_ORIENTATION 0.85614175 -0.023679059 -1.6066959
20170501_143223_507: ALT_ORIENTATION 0.8390927 -0.027148323 -1.61688
20170501_143223_510: ALT_ORIENTATION 0.863016 -0.027148323 -1.61688
20170501_143223_511: ALT_ORIENTATION 0.869371 -0.0221025 -1.6172125
20170501_143223_514: ALT_ORIENTATION 0.8415799 -0.0221025 -1.6172125
20170501_143223_515: ALT_ORIENTATION 0.8465911 -0.024019172 -1.6110104
20170501_143223_517: ALT_ORIENTATION 0.8794439 -0.024019172 -1.6110104
20170501_143223_519: ALT_ORIENTATION 0.87400806 -0.026337424 -1.6130073
20170501_143223_522: ALT_ORIENTATION 0.905463 -0.026337424 -1.6130073
20170501_143223_523: ALT_ORIENTATION 0.91233075 -0.025038375 -1.6081253
20170501_143223_528: ALT_ORIENTATION 0.915409 -0.025038375 -1.6081253
20170501_143223_531: ALT_ORIENTATION 0.9102448 -0.023846325 -1.6145779
20170501_143223_535: ALT_ORIENTATION 0.9092498 -0.023846325 -1.6145779
20170501_143223_536: ALT_ORIENTATION 0.91152686 -0.019568866 -1.6177864
20170501_143223_541: ALT_ORIENTATION 0.92891717 -0.019568866 -1.6177864
20170501_143223_546: ALT_ORIENTATION 0.94030917 -0.017490141 -1.6094849
20170501_143223_549: ALT_ORIENTATION 0.9274352 -0.017490141 -1.6094849
20170501_143223_552: ALT_ORIENTATION 0.92703116 -0.016525248 -1.6111531
20170501_143223_554: ALT_ORIENTATION 0.9322225 -0.016525248 -1.6111531
20170501_143223_560: ALT_ORIENTATION 0.90464187 -0.024839414 -1.6259267
20170501_143223_567: ALT_ORIENTATION 0.9368039 -0.024839414 -1.6259267
20170501_143223_568: ALT_ORIENTATION 0.9474754 -0.025037648 -1.6151949
20170501_143223_572: ALT_ORIENTATION 0.936041 -0.025037648 -1.6151949
20170501_143223_573: ALT_ORIENTATION 0.94942033 -0.023786485 -1.6031781
20170501_143223_578: ALT_ORIENTATION 0.96627617 -0.023786485 -1.6031781
20170501_143223_583: ALT_ORIENTATION 0.985408 -0.017008992 -1.5931551
20170501_143223_587: ALT_ORIENTATION 0.94272524 -0.017008992 -1.5931551
20170501_143223_599: ALT_ORIENTATION 0.9387526 -0.021165354 -1.5914791
20170501_143223_603: ALT_ORIENTATION 0.9478073 -0.021165354 -1.5914791
20170501_143223_604: ALT_ORIENTATION 0.93598616 -0.023253541 -1.6004231
20170501_143223_609: ALT_ORIENTATION 0.9330908 -0.023253541 -1.6004231
20170501_143223_611: ALT_ORIENTATION 0.93957645 -0.018153245 -1.6007341
20170501_143223_618: ALT_ORIENTATION 0.8960811 -0.018153245 -1.6007341
20170501_143223_621: ALT_ORIENTATION 0.8878132 -0.024219463 -1.6011417
20170501_143223_627: ALT_ORIENTATION 0.9205899 -0.024219463 -1.6011417
20170501_143223_635: ALT_ORIENTATION 0.9049061 -0.023398126 -1.6181104
20170501_143223_645: ALT_ORIENTATION 0.8954703 -0.023398126 -1.6181104
20170501_143223_646: ALT_ORIENTATION 0.8926727 -0.021701204 -1.6228606
20170501_143223_656: ALT_ORIENTATION 0.88221985 -0.021701204 -1.6228606
20170501_143223_663: ALT_ORIENTATION 0.882532 -0.026009256 -1.6174455
20170501_143223_666: ALT_ORIENTATION 0.9184205 -0.026009256 -1.6174455
20170501_143223_667: ALT_ORIENTATION 0.93169487 -0.024979748 -1.6050962
20170501_143223_670: ALT_ORIENTATION 0.92717344 -0.024979748 -1.6050962
20170501_143223_670: ALT_ORIENTATION 0.9267663 -0.025296375 -1.605106
20170501_143223_467: LINEAR_ACCELERATION 0.0 0.0 -0.0
20170501_143223_470: LINEAR_ACCELERATION 9.250641E-5 0.009486556 0.0041108727
20170501_143223_474: LINEAR_ACCELERATION 0.102303505 0.075387046 0.08174664
20170501_143223_479: LINEAR_ACCELERATION 0.028101921 0.057471126 0.052538633
20170501_143223_499: LINEAR_ACCELERATION 0.0069065094 0.031602234 0.12873048
20170501_143223_505: LINEAR_ACCELERATION 0.059292793 0.056329653 0.015376151
20170501_143223_512: LINEAR_ACCELERATION 0.033905983 0.0068305433 9.686947E-4
20170501_143223_516: LINEAR_ACCELERATION -0.046310425 0.022844255 0.045431614
20170501_143223_521: LINEAR_ACCELERATION 9.2983246E-4 0.04365702 0.012272179
20170501_143223_527: LINEAR_ACCELERATION -0.055381775 0.02794543 0.051769942
20170501_143223_533: LINEAR_ACCELERATION -0.06573677 0.015662208 -0.012973994
20170501_143223_540: LINEAR_ACCELERATION -0.016633987 -0.021633744 -0.04766172
20170501_143223_547: LINEAR_ACCELERATION -0.075406075 -0.0379235 0.024295628
20170501_143223_550: LINEAR_ACCELERATION 0.051772118 -0.04069583 -0.0070732236
20170501_143223_566: LINEAR_ACCELERATION -0.068247795 0.035406306 -0.14726442
20170501_143223_570: LINEAR_ACCELERATION -0.13178158 0.031898707 -0.050855815
20170501_143223_577: LINEAR_ACCELERATION -0.020917892 0.020379424 0.045087814
20170501_143223_581: LINEAR_ACCELERATION 0.068058014 -0.042589977 0.123604536
20170501_143223_593: LINEAR_ACCELERATION 0.052905083 -0.001259163 0.12648898
20170501_143223_607: LINEAR_ACCELERATION -0.008998871 0.017868608 0.03410545
20170501_143223_615: LINEAR_ACCELERATION -0.029213905 -0.030792966 0.026480108
20170501_143223_623: LINEAR_ACCELERATION -0.0028305054 0.025357112 0.017023116
20170501_143223_639: LINEAR_ACCELERATION -0.071294785 0.011001065 -0.14002833
20170501_143223_648: LINEAR_ACCELERATION -0.08193493 -0.010007918 -0.17628643
20170501_143223_666: LINEAR_ACCELERATION -0.030342102 0.026610225 -0.122189164
20170501_143223_668: LINEAR_ACCELERATION -0.0061998367 0.012444258 -0.006085813
20170501_143223_671: LINEAR_ACCELERATION 0.058470726 0.014414147 -0.012060463
20170501_143223_674: LINEAR_ACCELERATION -0.049907684 -0.0015363395 -0.022255957
20170501_143223_677: LINEAR_ACCELERATION 0.01624012 0.038140446 0.07921502
20170501_143223_680: LINEAR_ACCELERATION 0.020072937 0.017214388 0.14374086
20170501_143223_683: LINEAR_ACCELERATION 0.056250572 -0.04536724 0.092234135
20170501_143223_687: LINEAR_ACCELERATION 0.0449934 -0.078101605 0.06879866
20170501_143223_689: LINEAR_ACCELERATION -0.007504463 -0.046298414 0.011020422
20170501_143223_692: LINEAR_ACCELERATION -0.03509426 -0.07057735 -0.03648427
20170501_143223_695: LINEAR_ACCELERATION 0.040094376 -0.031418502 -0.033012927
20170501_143223_697: LINEAR_ACCELERATION -0.06755066 -0.07849206 0.0065631866
20170501_143223_704: LINEAR_ACCELERATION -0.044456482 -0.04620923 -0.04343182
20170501_143223_715: LINEAR_ACCELERATION -0.03146267 0.027197063 0.019168228
20170501_143223_736: LINEAR_ACCELERATION -0.039622307 -0.014355972 0.0121792555
20170501_143223_764: LINEAR_ACCELERATION -0.052143097 -0.033855394 0.07235363
20170501_143223_776: LINEAR_ACCELERATION -0.02494526 0.01840733 -0.084026754
20170501_143223_801: LINEAR_ACCELERATION -0.045104027 0.03558968 -0.09328014
20170501_143223_815: LINEAR_ACCELERATION -0.076309204 0.035376042 -0.12679178
20170501_143223_836: LINEAR_ACCELERATION -0.01851654 0.049124718 -0.19453192
20170501_143223_859: LINEAR_ACCELERATION 0.06279755 -0.044341564 -0.11858454
20170501_143223_872: LINEAR_ACCELERATION 0.13215446 -0.047498792 -0.07893184
20170501_143223_895: LINEAR_ACCELERATION 0.08586788 -0.03819798 0.021238253
20170501_143223_926: LINEAR_ACCELERATION 0.068971634 -0.053682238 0.10624859
20170501_143223_934: LINEAR_ACCELERATION 0.011077881 -0.02905558 0.100951046
20170501_143223_951: LINEAR_ACCELERATION 0.01066494 -0.0678723 0.044289157
20170501_143223_464: GRAVITY 9.788511 0.16377671 -0.5732416
20170501_143223_469: GRAVITY 9.788424 0.15422772 -0.5773798
20170501_143223_474: GRAVITY 9.790161 0.17133345 -0.5419977
20170501_143223_480: GRAVITY 9.79101 0.19150452 -0.5194628
20170501_143223_498: GRAVITY 9.792804 0.20061982 -0.4807651
20170501_143223_506: GRAVITY 9.79311 0.21153028 -0.46972272
20170501_143223_513: GRAVITY 9.793709 0.21066116 -0.45745438
20170501_143223_515: GRAVITY 9.794595 0.21154788 -0.43764007
20170501_143223_521: GRAVITY 9.795041 0.21465573 -0.42600936
20170501_143223_526: GRAVITY 9.795459 0.2161474 -0.41553324
20170501_143223_531: GRAVITY 9.795544 0.21661085 -0.413272
20170501_143223_539: GRAVITY 9.795664 0.21325408 -0.4121494
20170501_143223_545: GRAVITY 9.796252 0.20814537 -0.40060312
20170501_143223_554: GRAVITY 9.796752 0.20364195 -0.39059183
20170501_143223_556: GRAVITY 9.79674 0.20660043 -0.38936812
20170501_143223_569: GRAVITY 9.797091 0.21029852 -0.37840945
20170501_143223_577: GRAVITY 9.79767 0.21228546 -0.3619053
20170501_143223_581: GRAVITY 9.798334 0.21056539 -0.34452796
20170501_143223_592: GRAVITY 9.798831 0.2098552 -0.33053553
20170501_143223_606: GRAVITY 9.799039 0.20988825 -0.3243076
20170501_143223_617: GRAVITY 9.799242 0.20831674 -0.31911716
20170501_143223_622: GRAVITY 9.799315 0.21200748 -0.31443012
20170501_143223_636: GRAVITY 9.799022 0.21687393 -0.32020995
20170501_143223_647: GRAVITY 9.7986145 0.22121455 -0.32954285
20170501_143223_658: GRAVITY 9.798335 0.22770011 -0.33344042
20170501_143223_669: GRAVITY 9.7983465 0.23231801 -0.32989672
20170501_143223_671: GRAVITY 9.798403 0.23509313 -0.32623094
20170501_143223_674: GRAVITY 9.79854 0.23673362 -0.32087147
20170501_143223_676: GRAVITY 9.798873 0.23772705 -0.3098207
20170501_143223_679: GRAVITY 9.799262 0.2370924 -0.29772595
20170501_143223_685: GRAVITY 9.799566 0.23501919 -0.28921735
20170501_143223_687: GRAVITY 9.799839 0.2318228 -0.2824772
20170501_143223_690: GRAVITY 9.800002 0.23113784 -0.27733755
20170501_143223_692: GRAVITY 9.800107 0.229119 -0.27531824
20170501_143223_695: GRAVITY 9.800099 0.2282097 -0.2763576
20170501_143223_697: GRAVITY 9.800077 0.22748546 -0.27772072
20170501_143223_703: GRAVITY 9.80004 0.22873476 -0.27801704
20170501_143223_714: GRAVITY 9.800088 0.23193201 -0.273633
20170501_143223_737: GRAVITY 9.800069 0.23524417 -0.27146715
20170501_143223_766: GRAVITY 9.800122 0.23804428 -0.26707336
20170501_143223_773: GRAVITY 9.800011 0.2408483 -0.26864773
20170501_143223_803: GRAVITY 9.8000765 0.24045399 -0.266598
20170501_143223_816: GRAVITY 9.800257 0.23832469 -0.26185265
20170501_143223_837: GRAVITY 9.800319 0.23654218 -0.2611222
20170501_143223_860: GRAVITY 9.800513 0.23183855 -0.25803456
20170501_143223_883: GRAVITY 9.800765 0.22768724 -0.25209168
20170501_143223_900: GRAVITY 9.801068 0.22549938 -0.24208091
20170501_143223_921: GRAVITY 9.801358 0.22417419 -0.23128842
20170501_143223_934: GRAVITY 9.801554 0.22346504 -0.22358346
20170501_143223_951: GRAVITY 9.801687 0.22159053 -0.21954745
20170501_143223_465: ROTATION_VECTOR -0.23941709 -0.6869546 -0.23661558 0.64403874 0.17453292
20170501_143223_470: ROTATION_VECTOR -0.2368378 -0.68800145 -0.23347175 0.6450215 0.17453292
20170501_143223_475: ROTATION_VECTOR -0.2334751 -0.6878398 -0.2322631 0.6468537 0.17453292
20170501_143223_478: ROTATION_VECTOR -0.23459361 -0.6866229 -0.23517075 0.6466912 0.17453292
20170501_143223_500: ROTATION_VECTOR -0.23644553 -0.6845478 -0.2384271 0.6470242 0.17453292
20170501_143223_508: ROTATION_VECTOR -0.23697515 -0.6839532 -0.23990959 0.64691126 0.17453292
20170501_143223_513: ROTATION_VECTOR -0.23889278 -0.6828279 -0.24195893 0.6466314 0.17453292
20170501_143223_517: ROTATION_VECTOR -0.23956624 -0.6818515 -0.24313043 0.6469731 0.17453292
20170501_143223_520: ROTATION_VECTOR -0.24086532 -0.6809584 -0.24484907 0.6467832 0.17453292
20170501_143223_527: ROTATION_VECTOR -0.24271405 -0.67990893 -0.24695858 0.64639395 0.17453292
20170501_143223_534: ROTATION_VECTOR -0.2445221 -0.6791759 -0.24876352 0.64579076 0.17453292
20170501_143223_541: ROTATION_VECTOR -0.24534559 -0.67883676 -0.24935295 0.6456077 0.17453292
20170501_143223_548: ROTATION_VECTOR -0.24764924 -0.67756546 -0.25149438 0.6452329 0.17453292
20170501_143223_551: ROTATION_VECTOR -0.2493115 -0.67657846 -0.25303143 0.64502746 0.17453292
20170501_143223_556: ROTATION_VECTOR -0.25006768 -0.6762532 -0.25397778 0.64470387 0.17453292
20170501_143223_571: ROTATION_VECTOR -0.25060415 -0.67564124 -0.2550086 0.64473027 0.17453292
20170501_143223_576: ROTATION_VECTOR -0.251672 -0.6746208 -0.2565764 0.64476085 0.17453292
20170501_143223_583: ROTATION_VECTOR -0.2531462 -0.6734115 -0.25831565 0.64475346 0.17453292
20170501_143223_598: ROTATION_VECTOR -0.25365013 -0.67269176 -0.25910965 0.64498806 0.17453292
20170501_143223_607: ROTATION_VECTOR -0.25463974 -0.6720816 -0.2602209 0.6447868 0.17453292
20170501_143223_617: ROTATION_VECTOR -0.25565505 -0.671499 -0.26122567 0.64458567 0.17453292
20170501_143223_623: ROTATION_VECTOR -0.25542015 -0.67141044 -0.26136404 0.64471495 0.17453292
20170501_143223_644: ROTATION_VECTOR -0.25598624 -0.6714143 -0.26207796 0.6441964 0.17453292
20170501_143223_648: ROTATION_VECTOR -0.2565447 -0.6715555 -0.26265687 0.643591 0.17453292
20170501_143223_665: ROTATION_VECTOR -0.2569387 -0.67155284 -0.26335898 0.64314955 0.17453292
20170501_143223_667: ROTATION_VECTOR -0.2575524 -0.67118317 -0.26434204 0.64288664 0.17453292
20170501_143223_672: ROTATION_VECTOR -0.25826028 -0.6707718 -0.2652979 0.6426382 0.17453292
20170501_143223_674: ROTATION_VECTOR -0.25895414 -0.6703004 -0.26621076 0.6424733 0.17453292
20170501_143223_678: ROTATION_VECTOR -0.25979018 -0.6695562 -0.26736817 0.64243114 0.17453292
20170501_143223_680: ROTATION_VECTOR -0.26042178 -0.66885 -0.26825213 0.6425426 0.17453292
20170501_143223_683: ROTATION_VECTOR -0.26161504 -0.6680595 -0.26948854 0.6423628 0.17453292
20170501_143223_687: ROTATION_VECTOR -0.26316524 -0.66719294 -0.27094984 0.64201546 0.17453292
20170501_143223_690: ROTATION_VECTOR -0.2648514 -0.6663288 -0.27266574 0.6414929 0.17453292
20170501_143223_692: ROTATION_VECTOR -0.26582053 -0.6658654 -0.27352118 0.6412089 0.17453292
20170501_143223_696: ROTATION_VECTOR -0.2671039 -0.66539145 -0.27466938 0.64067656 0.17453292
20170501_143223_698: ROTATION_VECTOR -0.26758713 -0.6652495 -0.27505028 0.6404588 0.17453292
20170501_143223_705: ROTATION_VECTOR -0.2679912 -0.66509825 -0.27551284 0.6402482 0.17453292
20170501_143223_715: ROTATION_VECTOR -0.26840827 -0.6647619 -0.27624267 0.6401083 0.17453292
20170501_143223_737: ROTATION_VECTOR -0.2684602 -0.6646579 -0.27656808 0.640054 0.17453292
20170501_143223_765: ROTATION_VECTOR -0.2691132 -0.6642251 -0.2774999 0.63982564 0.17453292
20170501_143223_777: ROTATION_VECTOR -0.26873448 -0.66443884 -0.27727515 0.63986033 0.17453292
20170501_143223_803: ROTATION_VECTOR -0.26856834 -0.6644274 -0.27714542 0.6399982 0.17453292
20170501_143223_819: ROTATION_VECTOR -0.26832455 -0.66434383 -0.27690104 0.64029294 0.17453292
20170501_143223_833: ROTATION_VECTOR -0.26832443 -0.6643158 -0.27680442 0.6403638 0.17453292
20170501_143223_862: ROTATION_VECTOR -0.2687326 -0.6640323 -0.27697498 0.640413 0.17453292
20170501_143223_874: ROTATION_VECTOR -0.26925802 -0.66359115 -0.27737325 0.6404771 0.17453292
20170501_143223_899: ROTATION_VECTOR -0.26934716 -0.6631703 -0.2775907 0.64078134 0.17453292
20170501_143223_922: ROTATION_VECTOR -0.27000898 -0.6624859 -0.27844036 0.6408421 0.17453292
20170501_143223_935: ROTATION_VECTOR -0.27038413 -0.66203624 -0.27896926 0.64091855 0.17453292
20170501_143223_953: ROTATION_VECTOR -0.27084017 -0.66169435 -0.27939963 0.6408916 0.17453292
20170501_143223_464: ACCELEROMETER 9.724426 0.16270447 -0.5694885
20170501_143223_467: ACCELEROMETER 9.724426 0.16270447 -0.5694885
20170501_143223_473: ACCELEROMETER 9.877579 0.24645996 -0.45942688
20170501_143223_484: ACCELEROMETER 9.812973 0.24885559 -0.4665985
20170501_143223_489: ACCELEROMETER 9.793823 0.23210144 -0.3517456
20170501_143223_507: ACCELEROMETER 9.858429 0.2679901 -0.45463562
20170501_143223_511: ACCELEROMETER 9.839294 0.21774292 -0.45703125
20170501_143223_515: ACCELEROMETER 9.753143 0.23449707 -0.39242554
20170501_143223_519: ACCELEROMETER 9.800995 0.25842285 -0.4139557
20170501_143223_523: ACCELEROMETER 9.738785 0.24406433 -0.3637085
20170501_143223_531: ACCELEROMETER 9.722046 0.23210144 -0.42591858
20170501_143223_536: ACCELEROMETER 9.769897 0.19142151 -0.45942688
20170501_143223_546: ACCELEROMETER 9.705292 0.16989136 -0.3756714
20170501_143223_552: ACCELEROMETER 9.836899 0.16270447 -0.39720154
20170501_143223_560: ACCELEROMETER 9.712463 0.2416687 -0.5359955
20170501_143223_568: ACCELEROMETER 9.640686 0.2416687 -0.4283142
20170501_143223_573: ACCELEROMETER 9.750748 0.23210144 -0.31585693
20170501_143223_583: ACCELEROMETER 9.84407 0.16749573 -0.22013855
20170501_143223_599: ACCELEROMETER 9.832108 0.20817566 -0.2033844
20170501_143223_604: ACCELEROMETER 9.769897 0.22732544 -0.28953552
20170501_143223_611: ACCELEROMETER 9.748352 0.17706299 -0.29193115
20170501_143223_621: ACCELEROMETER 9.774673 0.2368927 -0.29670715
20170501_143223_635: ACCELEROMETER 9.702896 0.22732544 -0.45942688
20170501_143223_646: ACCELEROMETER 9.688538 0.21057129 -0.5048828
20170501_143223_663: ACCELEROMETER 9.738785 0.2536316 -0.45463562
20170501_143223_667: ACCELEROMETER 9.762711 0.24406433 -0.33499146
20170501_143223_670: ACCELEROMETER 9.829712 0.24885559 -0.33738708
20170501_143223_673: ACCELEROMETER 9.71965 0.23449707 -0.34217834
20170501_143223_676: ACCELEROMETER 9.786652 0.275177 -0.22970581
20170501_143223_679: ACCELEROMETER 9.791428 0.2536316 -0.1531372
20170501_143223_682: ACCELEROMETER 9.829712 0.18902588 -0.19621277
20170501_143223_686: ACCELEROMETER 9.820145 0.1531372 -0.21296692
20170501_143223_688: ACCELEROMETER 9.767502 0.18424988 -0.26560974
20170501_143223_691: ACCELEROMETER 9.738785 0.15792847 -0.31106567
20170501_143223_694: ACCELEROMETER 9.815353 0.19621277 -0.30867004
20170501_143223_696: ACCELEROMETER 9.705292 0.1483612 -0.27038574
20170501_143223_704: ACCELEROMETER 9.726822 0.18185425 -0.32063293
20170501_143223_716: ACCELEROMETER 9.738785 0.25842285 -0.2536316
20170501_143223_734: ACCELEROMETER 9.729218 0.22013855 -0.25842285
20170501_143223_755: ACCELEROMETER 9.714859 0.2033844 -0.19381714
20170501_143223_774: ACCELEROMETER 9.74118 0.25842285 -0.3517456
20170501_143223_798: ACCELEROMETER 9.71965 0.275177 -0.35891724
20170501_143223_813: ACCELEROMETER 9.686142 0.27278137 -0.38763428
20170501_143223_835: ACCELEROMETER 9.743576 0.28474426 -0.45463562
20170501_143223_856: ACCELEROMETER 9.827316 0.18664551 -0.3756714
20170501_143223_876: ACCELEROMETER 9.9015045 0.17945862 -0.33021545
20170501_143223_903: ACCELEROMETER 9.858429 0.18664551 -0.22013855
20170501_143223_913: ACCELEROMETER 9.84407 0.16989136 -0.124420166
20170501_143223_932: ACCELEROMETER 9.786652 0.19381714 -0.122039795
20170501_143223_955: ACCELEROMETER 9.786652 0.1531372 -0.17468262
20170501_143223_464: GYROSCOPE 0.6327667 -0.033935547 0.06399536
20170501_143223_467: GYROSCOPE 0.6327667 -0.033935547 0.06399536
20170501_143223_475: GYROSCOPE 0.6327667 -0.033935547 0.06399536
20170501_143223_484: GYROSCOPE -0.07337952 0.022262573 -0.0019836426
20170501_143223_498: GYROSCOPE -0.08192444 0.0320282 -0.0019836426
20170501_143223_508: GYROSCOPE -0.07337952 0.03691101 0.004119873
20170501_143223_512: GYROSCOPE -0.061157227 0.06011963 0.012680054
20170501_143223_515: GYROSCOPE -0.044052124 0.06990051 0.01512146
20170501_143223_519: GYROSCOPE -0.03918457 0.051574707 0.013900757
20170501_143223_523: GYROSCOPE -0.05505371 0.02470398 0.011459351
20170501_143223_532: GYROSCOPE -0.059936523 0.018585205 0.009002686
20170501_143223_539: GYROSCOPE -0.068496704 0.027145386 0.010238647
20170501_143223_547: GYROSCOPE -0.07458496 0.049118042 0.013900757
20170501_143223_553: GYROSCOPE -0.057495117 0.05279541 0.009002686
20170501_143223_565: GYROSCOPE -0.024520874 0.06135559 -7.6293945E-4
20170501_143223_569: GYROSCOPE -0.0074157715 0.07600403 -0.006881714
20170501_143223_574: GYROSCOPE -0.008636475 0.071121216 -0.0032043457
20170501_143223_585: GYROSCOPE -0.002532959 0.051574707 -0.004425049
20170501_143223_601: GYROSCOPE 0.0035858154 0.035690308 0.00289917
20170501_143223_605: GYROSCOPE 0.019470215 0.023468018 0.004119873
20170501_143223_616: GYROSCOPE 0.03289795 0.021026611 -7.6293945E-4
20170501_143223_622: GYROSCOPE 0.04144287 0.021026611 -0.014205933
20170501_143223_636: GYROSCOPE 0.014572144 0.0039367676 -0.022750854
20170501_143223_646: GYROSCOPE -0.013534546 -0.008285522 -0.023971558
20170501_143223_665: GYROSCOPE -0.003753662 0.006378174 -0.027648926
20170501_143223_668: GYROSCOPE 0.0060272217 0.019821167 -0.021530151
20170501_143223_671: GYROSCOPE -0.0012969971 0.021026611 -0.011764526
20170501_143223_673: GYROSCOPE -0.01473999 0.0320282 -0.008087158
20170501_143223_676: GYROSCOPE -0.03186035 0.041793823 0.00289917
20170501_143223_680: GYROSCOPE -0.047729492 0.035690308 0.007797241
20170501_143223_682: GYROSCOPE -0.057495117 0.025909424 0.004119873
20170501_143223_686: GYROSCOPE -0.05870056 0.021026611 0.004119873
20170501_143223_689: GYROSCOPE -0.052612305 0.023468018 -0.0032043457
20170501_143223_691: GYROSCOPE -0.045288086 0.016143799 -7.6293945E-4
20170501_143223_694: GYROSCOPE -0.05505371 -9.613037E-4 4.5776367E-4
20170501_143223_697: GYROSCOPE -0.068496704 -0.009490967 -0.008087158
20170501_143223_704: GYROSCOPE -0.057495117 0.005142212 -0.012969971
20170501_143223_716: GYROSCOPE -0.036743164 0.018585205 -0.010528564
20170501_143223_735: GYROSCOPE -0.018417358 0.00881958 -0.019088745
20170501_143223_756: GYROSCOPE -0.002532959 0.010025024 -0.020309448
20170501_143223_775: GYROSCOPE 0.023117065 0.007583618 -0.011764526
20170501_143223_800: GYROSCOPE 0.030456543 0.02835083 0.007797241
20170501_143223_814: GYROSCOPE 0.0060272217 0.047912598 0.017562866
20170501_143223_836: GYROSCOPE -0.025741577 0.038131714 0.01878357
20170501_143223_858: GYROSCOPE -0.05381775 0.035690308 0.017562866
20170501_143223_878: GYROSCOPE -0.056259155 0.043029785 0.013900757
20170501_143223_903: GYROSCOPE -0.047729492 0.046676636 0.005355835
20170501_143223_916: GYROSCOPE -0.04284668 0.035690308 -0.0019836426
20170501_143223_933: GYROSCOPE -0.034301758 0.021026611 -7.6293945E-4
20170501_143223_956: GYROSCOPE -0.022064209 0.012466431 -0.0019836426
20170501_143223_466: ORIENTATION 203.41464 -164.05522 86.514656
20170501_143223_471: ORIENTATION 203.9117 -165.04451 86.5062
20170501_143223_476: ORIENTATION 200.93008 -162.45755 86.67704
20170501_143223_483: ORIENTATION 198.58073 -159.76315 86.763626
20170501_143223_502: ORIENTATION 196.60461 -157.34958 86.95493
20170501_143223_509: ORIENTATION 195.18451 -155.75653 86.9888
20170501_143223_514: ORIENTATION 195.04266 -155.27357 87.05623
20170501_143223_516: ORIENTATION 194.12881 -154.2017 87.158844
20170501_143223_520: ORIENTATION 193.44463 -153.25755 87.21181
20170501_143223_528: ORIENTATION 193.04636 -152.51791 87.26238
20170501_143223_534: ORIENTATION 193.17996 -152.33926 87.27285
20170501_143223_541: ORIENTATION 193.60481 -152.64207 87.287735
20170501_143223_549: ORIENTATION 193.8914 -152.54453 87.36145
20170501_143223_551: ORIENTATION 194.08754 -152.46391 87.425545
20170501_143223_566: ORIENTATION 193.82068 -152.04935 87.42383
20170501_143223_571: ORIENTATION 192.84402 -150.9372 87.469826
20170501_143223_578: ORIENTATION 191.74022 -149.60516 87.54789
20170501_143223_582: ORIENTATION 190.98149 -148.56795 87.640236
20170501_143223_602: ORIENTATION 190.1146 -147.5888 87.71188
20170501_143223_607: ORIENTATION 189.79788 -147.08943 87.74244
20170501_143223_616: ORIENTATION 189.74788 -146.86382 87.77289
20170501_143223_624: ORIENTATION 188.88527 -146.00983 87.7838
20170501_143223_642: ORIENTATION 188.87802 -145.89072 87.73987
20170501_143223_650: ORIENTATION 189.21432 -146.12744 87.68043
20170501_143223_657: ORIENTATION 188.85425 -145.6716 87.6403
20170501_143223_669: ORIENTATION 188.1681 -144.84625 87.64193
20170501_143223_672: ORIENTATION 187.68913 -144.22221 87.64998
20170501_143223_674: ORIENTATION 187.18767 -143.58072 87.66964
20170501_143223_678: ORIENTATION 186.28145 -142.50069 87.71779
20170501_143223_681: ORIENTATION 185.38075 -141.46825 87.77579
20170501_143223_685: ORIENTATION 185.0272 -140.90254 87.82215
20170501_143223_687: ORIENTATION 185.01288 -140.62503 87.864494
20170501_143223_690: ORIENTATION 184.8771 -140.19167 87.890205
20170501_143223_693: ORIENTATION 185.07822 -140.23286 87.90684
20170501_143223_695: ORIENTATION 185.5094 -140.45091 87.90555
20170501_143223_698: ORIENTATION 185.81296 -140.67853 87.902084
20170501_143223_703: ORIENTATION 185.76515 -140.55461 87.896095
20170501_143223_716: ORIENTATION 185.02641 -139.71533 87.9038
20170501_143223_738: ORIENTATION 184.43323 -139.0889 87.90081
20170501_143223_763: ORIENTATION 183.77261 -138.28914 87.90931
20170501_143223_776: ORIENTATION 183.55376 -138.12306 87.89151
20170501_143223_805: ORIENTATION 183.35614 -137.95158 87.90196
20170501_143223_818: ORIENTATION 183.0546 -137.69319 87.930885
20170501_143223_834: ORIENTATION 183.1804 -137.82758 87.941055
20170501_143223_863: ORIENTATION 183.4644 -138.06091 87.97288
20170501_143223_884: ORIENTATION 183.39621 -137.91182 88.01492
20170501_143223_902: ORIENTATION 182.5419 -137.03102 88.0667
20170501_143223_932: ORIENTATION 181.53825 -135.89487 88.117775
20170501_143223_935: ORIENTATION 180.73772 -135.01509 88.15279
20170501_143223_956: ORIENTATION 180.53505 -134.73466 88.17719
20170501_143223_472: MAGNETIC_FIELD -43.55774 14.183044 19.81659
20170501_143223_477: MAGNETIC_FIELD -41.52832 14.23111 20.18814
20170501_143223_485: MAGNETIC_FIELD -41.29842 14.477539 19.573975
20170501_143223_503: MAGNETIC_FIELD -41.695023 14.4088745 19.266891
20170501_143223_510: MAGNETIC_FIELD -40.34958 14.081955 19.638062
20170501_143223_514: MAGNETIC_FIELD -41.02249 14.24675 18.899918
20170501_143223_517: MAGNETIC_FIELD -40.691376 13.89389 19.63768
20170501_143223_522: MAGNETIC_FIELD -39.848328 13.732529 20.559692
20170501_143223_528: MAGNETIC_FIELD -40.182114 13.902664 20.926666
20170501_143223_535: MAGNETIC_FIELD -40.008926 14.086151 21.110535
20170501_143223_541: MAGNETIC_FIELD -40.359497 13.539886 21.111298
20170501_143223_549: MAGNETIC_FIELD -39.839172 14.090347 21.294403
20170501_143223_554: MAGNETIC_FIELD -40.364075 13.362122 20.55931
20170501_143223_567: MAGNETIC_FIELD -39.694977 13.017654 21.297836
20170501_143223_572: MAGNETIC_FIELD -39.17923 13.388824 21.297836
20170501_143223_578: MAGNETIC_FIELD -39.70833 12.480164 20.747375
20170501_143223_587: MAGNETIC_FIELD -39.86206 13.195419 20.00885
20170501_143223_603: MAGNETIC_FIELD -39.861298 13.194656 20.376968
20170501_143223_609: MAGNETIC_FIELD -39.852524 13.552856 20.744324
20170501_143223_618: MAGNETIC_FIELD -40.17105 14.44397 20.189285
20170501_143223_627: MAGNETIC_FIELD -39.154434 14.4657135 21.479797
20170501_143223_645: MAGNETIC_FIELD -39.32419 14.46228 21.111298
20170501_143223_656: MAGNETIC_FIELD -39.320374 14.6419525 20.926666
20170501_143223_666: MAGNETIC_FIELD -38.993454 14.109421 21.66481
20170501_143223_670: MAGNETIC_FIELD -39.163208 14.105606 21.480179
20170501_143223_672: MAGNETIC_FIELD -39.50157 14.097595 21.479797
20170501_143223_675: MAGNETIC_FIELD -39.8571 13.373184 20.744705
20170501_143223_678: MAGNETIC_FIELD -40.00969 14.088058 20.374298
20170501_143223_681: MAGNETIC_FIELD -40.005875 14.268112 20.190048
20170501_143223_686: MAGNETIC_FIELD -39.50653 13.921356 20.191574
20170501_143223_688: MAGNETIC_FIELD -39.167023 13.927078 21.296692
20170501_143223_691: MAGNETIC_FIELD -39.348984 13.384247 21.482468
20170501_143223_694: MAGNETIC_FIELD -39.352417 13.203812 21.850967
20170501_143223_696: MAGNETIC_FIELD -39.844894 13.912201 20.743942
20170501_143223_699: MAGNETIC_FIELD -40.159607 14.983368 19.636154
20170501_143223_712: MAGNETIC_FIELD -39.478683 15.179825 19.452286
20170501_143223_733: MAGNETIC_FIELD -40.491104 15.337753 18.161774
20170501_143223_754: MAGNETIC_FIELD -39.829636 14.634705 18.901062
20170501_143223_775: MAGNETIC_FIELD -39.326096 14.467621 19.086456
20170501_143223_806: MAGNETIC_FIELD -40.16838 14.627457 18.71643
20170501_143223_817: MAGNETIC_FIELD -39.65187 14.997864 19.268417
20170501_143223_837: MAGNETIC_FIELD -40.317154 15.520859 18.71376
20170501_143223_864: MAGNETIC_FIELD -41.345596 14.958954 17.977142
20170501_143223_881: MAGNETIC_FIELD -41.510773 15.134811 17.608261
20170501_143223_904: MAGNETIC_FIELD -41.51497 14.955139 17.608643
20170501_143223_920: MAGNETIC_FIELD -42.0269 14.763641 17.424393
20170501_143223_936: MAGNETIC_FIELD -42.196274 14.759445 17.424393
20170501_143223_958: MAGNETIC_FIELD -42.366028 14.756393 17.056274
20170501_143223_974: MAGNETIC_FIELD -41.692734 14.59198 17.610168
20170501_143223_997: MAGNETIC_FIELD -41.692352 14.591217 17.978287
20170501_143223_672: ROTATION -0.040815033 0.7992445 -0.5996185 0.012241152 0.6004736 0.799551 0.9990918 0.025293678 -0.03429202
20170501_143223_673: ROTATION -0.040383685 0.7996579 -0.59909654 0.013685487 0.599972 0.799904 0.9990905 0.024104139 -0.035172783
20170501_143223_675: ROTATION -0.04031234 0.80275095 -0.5949503 0.01389422 0.5958271 0.8029925 0.9990905 0.024104139 -0.035172783
20170501_143223_676: ROTATION -0.036527358 0.8065047 -0.5900981 0.0023360476 0.5905594 0.8069907 0.9993299 0.028098743 -0.02345561
20170501_143223_678: ROTATION -0.036583915 0.7869215 -0.6159676 0.001149809 0.6164129 0.7874221 0.9993299 0.028098743 -0.02345561
20170501_143223_679: ROTATION -0.030061077 0.7935601 -0.60774875 -0.0033300351 0.6079407 0.79397535 0.99954253 0.025891583 -0.015632771
20170501_143223_681: ROTATION -0.030025346 0.7872835 -0.6158598 -0.0036381632 0.61604744 0.7877008 0.99954253 0.025891583 -0.015632771
20170501_143223_682: ROTATION -0.027418233 0.78993976 -0.6125711 0.0039868336 0.6128831 0.7901636 0.99961615 0.019222671 -0.01995353
20170501_143223_686: ROTATION -0.027369024 0.79715246 -0.60315746 0.0043117087 0.60347205 0.7973726 0.99961615 0.019222671 -0.01995353
20170501_143223_686: ROTATION -0.025488697 0.79901904 -0.6007654 0.007956829 0.6011038 0.7991314 0.9996434 0.01558863 -0.021679007
20170501_143223_688: ROTATION -0.025267793 0.81474096 -0.57927424 0.008632683 0.5796154 0.81484425 0.9996434 0.01558863 -0.021679007
20170501_143223_688: ROTATION -0.031217733 0.8092541 -0.58662874 0.010934323 0.5871562 0.8093998 0.99945277 0.01885324 -0.02717833
20170501_143223_691: ROTATION -0.03097126 0.8218954 -0.56879586 0.011614101 0.56932634 0.82202953 0.99945277 0.01885324 -0.02717833
20170501_143223_691: ROTATION -0.031509835 0.82140386 -0.56947607 0.016990615 0.5701169 0.821388 0.999359 0.01620605 -0.03192044
20170501_143223_694: ROTATION -0.031261418 0.8295439 -0.55756587 0.017443467 0.5582064 0.8295188 0.999359 0.01620605 -0.03192044
20170501_143223_694: ROTATION -0.034180872 0.82694 -0.56125027 0.014775471 0.5619352 0.8270494 0.9993065 0.019976528 -0.031425864
20170501_143223_696: ROTATION -0.03487857 0.79773116 -0.60200363 0.013043448 0.60268223 0.7978747 0.9993065 0.019976528 -0.031425864
20170501_143223_696: ROTATION -0.028844723 0.80365956 -0.59438986 0.013296721 0.5948931 0.8036948 0.99949545 0.015278917 -0.027845563
20170501_143223_699: ROTATION -0.029626634 0.76449937 -0.64394325 0.011449161 0.64444333 0.7645663 0.99949545 0.015278917 -0.027845563
20170501_143223_704: ROTATION -0.035640385 0.7579984 -0.65128195 0.012800839 0.65198874 0.75812054 0.9992827 0.018682752 -0.032940146
20170501_143223_712: ROTATION -0.035768155 0.75135875 -0.65892386 0.012439354 0.65962946 0.75148803 0.9992827 0.018682752 -0.032940146
20170501_143223_716: ROTATION -0.037100848 0.7499103 -0.66049826 0.0020022653 0.6610078 0.75037634 0.99930954 0.02651711 -0.026025472
20170501_143223_733: ROTATION -0.03715244 0.7211157 -0.69181776 4.223697E-4 0.692307 0.72160304 0.99930954 0.02651711 -0.026025472
20170501_143223_734: ROTATION -0.034680065 0.7240982 -0.6888244 0.0036452198 0.68932605 0.724442 0.9993918 0.02261278 -0.02654537
20170501_143223_754: ROTATION -0.03448603 0.753735 -0.65627295 0.005168019 0.65678924 0.7540564 0.9993918 0.02261278 -0.02654537
20170501_143223_755: ROTATION -0.028864447 0.7600022 -0.64927924 0.0015689172 0.6495835 0.76028866 0.9995821 0.020926645 -0.01994225
20170501_143223_774: ROTATION -0.043825097 0.7431134 -0.6677288 0.009109929 0.6686404 0.74353004 0.9989977 0.026502315 -0.036072943
20170501_143223_775: ROTATION -0.043717563 0.75074464 -0.6591443 0.00961272 0.66006064 0.7511507 0.9989977 0.026502315 -0.036072943
20170501_143223_798: ROTATION -0.04561919 0.7486074 -0.6614424 0.008907799 0.6624103 0.74908847 0.99891925 0.028280811 -0.03688706
20170501_143223_806: ROTATION -0.045766044 0.73707074 -0.6742642 0.008119635 0.67522365 0.73756844 0.99891925 0.028280811 -0.03688706
20170501_143223_813: ROTATION -0.04777221 0.73469526 -0.6767132 0.010332137 0.677814 0.73516095 0.99880487 0.028128367 -0.039971642
20170501_143223_817: ROTATION -0.04771709 0.7382573 -0.6728293 0.010583768 0.6739325 0.73871714 0.99880487 0.028128367 -0.039971642
20170501_143223_835: ROTATION -0.053082224 0.7321261 -0.6790977 0.01429357 0.6805439 0.732568 0.9984879 0.029179605 -0.04658948
20170501_143223_837: ROTATION -0.053531606 0.70889807 -0.7032766 0.012505859 0.7047072 0.7093882 0.9984879 0.029179605 -0.04658948
20170501_143223_856: ROTATION -0.040054135 0.72499365 -0.6875898 0.014642123 0.688494 0.7250941 0.9990902 0.018975241 -0.03819248
20170501_143223_864: ROTATION -0.040143758 0.72072977 -0.6920528 0.014394591 0.6929564 0.7208358 0.9990902 0.018975241 -0.03819248
20170501_143223_876: ROTATION -0.036064155 0.7258374 -0.6869202 0.011748238 0.68762785 0.7259683 0.9992805 0.018111339 -0.033326034
20170501_143223_881: ROTATION -0.036259163 0.7140122 -0.6991937 0.01113186 0.699899 0.7141552 0.9992805 0.018111339 -0.033326034
